cells: [(48, 0), (49, 0), (50, 0), (51, 0)] 1 False
cells: [(48, 0), (49, 0), (50, 0), (50, 1)] 1 False
cells: [(48, 0), (49, 0), (49, 1), (50, 1)] 1 False
cells: [(48, 0), (48, 1), (49, 1), (50, 1)] 1 False
cells: [(47, 1), (48, 1), (49, 1), (50, 1)] 1 False
cells: [(47, 1), (48, 1), (49, 1), (49, 2)] 1 False
cells: [(47, 1), (48, 1), (48, 2), (49, 2)] 1 False
cells: [(47, 1), (47, 2), (48, 2), (49, 2)] 1 False
cells: [(46, 2), (47, 2), (48, 2), (49, 2)] 1 False
cells: [(46, 3), (47, 3), (48, 3), (49, 3)] 1 True
cells: [(46, 4), (47, 4), (48, 4), (49, 4)] 1 True
cells: [(46, 5), (47, 5), (48, 5), (49, 5)] 1 True
cells: [(46, 6), (47, 6), (48, 6), (49, 6)] 1 True
cells: [(46, 7), (47, 7), (48, 7), (49, 7)] 1 True
cells: [(46, 8), (47, 8), (48, 8), (49, 8)] 1 True
cells: [(46, 9), (47, 9), (48, 9), (49, 9)] 1 True
cells: [(46, 10), (47, 10), (48, 10), (49, 10)] 1 True
cells: [(46, 11), (47, 11), (48, 11), (49, 11)] 1 True
cells: [(46, 12), (47, 12), (48, 12), (49, 12)] 1 True
cells: [(46, 13), (47, 13), (48, 13), (49, 13)] 1 True
cells: [(46, 14), (47, 14), (48, 14), (49, 14)] 1 True
cells: [(46, 15), (47, 15), (48, 15), (49, 15)] 1 True
cells: [(46, 16), (47, 16), (48, 16), (49, 16)] 1 True
cells: [(46, 16), (47, 16), (48, 16), (48, 17)] 1 False
cells: [(46, 16), (47, 16), (47, 17), (48, 17)] 1 False
cells: [(46, 16), (46, 17), (47, 17), (48, 17)] 1 False
cells: [(45, 17), (46, 17), (47, 17), (48, 17)] 1 False
cells: [(45, 17), (46, 17), (47, 17), (47, 18)] 1 False
cells: [(45, 17), (46, 17), (46, 18), (47, 18)] 1 False
cells: [(45, 17), (45, 18), (46, 18), (47, 18)] 1 False
cells: [(44, 18), (45, 18), (46, 18), (47, 18)] 1 False
cells: [(44, 18), (45, 18), (46, 18), (46, 19)] 1 False
cells: [(44, 18), (45, 18), (45, 19), (46, 19)] 1 False
cells: [(44, 18), (45, 18), (45, 19), (45, 20)] 1 False
cells: [(44, 18), (44, 19), (45, 19), (45, 20)] 1 False
cells: [(44, 18), (44, 19), (44, 20), (45, 20)] 1 False
cells: [(44, 18), (44, 19), (44, 20), (44, 21)] 1 True
cells: [(43, 18), (43, 19), (43, 20), (43, 21)] 1 True
cells: [(42, 18), (42, 19), (42, 20), (42, 21)] 1 True
cells: [(41, 18), (41, 19), (41, 20), (41, 21)] 1 True
cells: [(40, 18), (40, 19), (40, 20), (40, 21)] 1 True
cells: [(39, 18), (39, 19), (39, 20), (39, 21)] 1 True
cells: [(38, 18), (38, 19), (38, 20), (38, 21)] 1 True
cells: [(37, 18), (37, 19), (37, 20), (37, 21)] 1 True
cells: [(36, 19), (37, 19), (37, 20), (37, 21)] 1 False
cells: [(36, 19), (36, 20), (37, 20), (37, 21)] 1 False
cells: [(35, 20), (36, 20), (37, 20), (37, 21)] 1 False
cells: [(35, 20), (36, 20), (36, 21), (37, 21)] 1 False
cells: [(35, 20), (35, 21), (36, 21), (37, 21)] 1 False
cells: [(34, 21), (35, 21), (36, 21), (37, 21)] 1 False
cells: [(34, 21), (35, 21), (36, 21), (36, 22)] 1 False
cells: [(34, 21), (35, 21), (35, 22), (36, 22)] 1 False
cells: [(34, 21), (34, 22), (35, 22), (36, 22)] 1 False
cells: [(33, 22), (34, 22), (35, 22), (36, 22)] 1 False
cells: [(33, 22), (34, 22), (35, 22), (35, 23)] 1 False
cells: [(33, 22), (34, 22), (34, 23), (35, 23)] 1 False
cells: [(33, 22), (33, 23), (34, 23), (35, 23)] 1 False
cells: [(32, 23), (33, 23), (34, 23), (35, 23)] 1 False
cells: [(32, 23), (33, 23), (34, 23), (34, 24)] 1 False
cells: [(32, 23), (33, 23), (33, 24), (34, 24)] 1 False
cells: [(32, 23), (32, 24), (33, 24), (34, 24)] 1 False
cells: [(31, 24), (32, 24), (33, 24), (34, 24)] 1 False
cells: [(31, 24), (32, 24), (33, 24), (33, 25)] 1 False
cells: [(31, 24), (32, 24), (32, 25), (33, 25)] 1 False
cells: [(31, 24), (31, 25), (32, 25), (33, 25)] 1 False
cells: [(30, 25), (31, 25), (32, 25), (33, 25)] 1 False
cells: [(30, 25), (31, 25), (32, 25), (32, 26)] 1 False
cells: [(30, 25), (31, 25), (31, 26), (32, 26)] 1 False
cells: [(30, 25), (30, 26), (31, 26), (32, 26)] 1 False
cells: [(29, 26), (30, 26), (31, 26), (32, 26)] 1 False
cells: [(29, 26), (30, 26), (31, 26), (31, 27)] 1 False
cells: [(29, 26), (30, 26), (30, 27), (31, 27)] 1 False
cells: [(29, 26), (29, 27), (30, 27), (31, 27)] 1 False
cells: [(28, 27), (29, 27), (30, 27), (31, 27)] 1 False
cells: [(28, 27), (29, 27), (30, 27), (30, 28)] 1 False
cells: [(28, 27), (29, 27), (29, 28), (30, 28)] 1 False
cells: [(28, 27), (28, 28), (29, 28), (30, 28)] 1 False
cells: [(27, 28), (28, 28), (29, 28), (30, 28)] 1 False
cells: [(27, 28), (28, 28), (29, 28), (29, 29)] 1 False
cells: [(27, 28), (28, 28), (28, 29), (29, 29)] 1 False
cells: [(27, 28), (27, 29), (28, 29), (29, 29)] 1 False
cells: [(26, 29), (27, 29), (28, 29), (29, 29)] 1 False
cells: [(26, 29), (27, 29), (28, 29), (28, 30)] 1 False
cells: [(26, 29), (27, 29), (27, 30), (28, 30)] 1 False
cells: [(26, 29), (26, 30), (27, 30), (28, 30)] 1 False
cells: [(25, 30), (26, 30), (27, 30), (28, 30)] 1 False
cells: [(25, 31), (26, 31), (27, 31), (28, 31)] 1 True
cells: [(25, 32), (26, 32), (27, 32), (28, 32)] 1 True
cells: [(25, 33), (26, 33), (27, 33), (28, 33)] 1 True
cells: [(25, 34), (26, 34), (27, 34), (28, 34)] 1 True
cells: [(25, 35), (26, 35), (27, 35), (28, 35)] 1 True
cells: [(25, 36), (26, 36), (27, 36), (28, 36)] 1 True
cells: [(25, 37), (26, 37), (27, 37), (28, 37)] 1 True
cells: [(25, 38), (26, 38), (27, 38), (28, 38)] 1 True
cells: [(25, 39), (26, 39), (27, 39), (28, 39)] 1 True
cells: [(25, 40), (26, 40), (27, 40), (28, 40)] 1 True
cells: [(25, 41), (26, 41), (27, 41), (28, 41)] 1 True
cells: [(25, 42), (26, 42), (27, 42), (28, 42)] 1 True
cells: [(25, 43), (26, 43), (27, 43), (28, 43)] 1 True
cells: [(25, 44), (26, 44), (27, 44), (28, 44)] 1 True
cells: [(25, 45), (26, 45), (27, 45), (28, 45)] 1 True
cells: [(25, 46), (26, 46), (27, 46), (28, 46)] 1 True
cells: [(25, 47), (26, 47), (27, 47), (28, 47)] 1 True
cells: [(25, 48), (26, 48), (27, 48), (28, 48)] 1 True
cells: [(25, 49), (26, 49), (27, 49), (28, 49)] 1 True
cells: [(25, 50), (26, 50), (27, 50), (28, 50)] 1 True
cells: [(25, 51), (26, 51), (27, 51), (28, 51)] 1 True
cells: [(25, 52), (26, 52), (27, 52), (28, 52)] 1 True
cells: [(25, 53), (26, 53), (27, 53), (28, 53)] 1 True
cells: [(25, 54), (26, 54), (27, 54), (28, 54)] 1 True
cells: [(25, 55), (26, 55), (27, 55), (28, 55)] 1 True
cells: [(25, 56), (26, 56), (27, 56), (28, 56)] 1 True
cells: [(25, 57), (26, 57), (27, 57), (28, 57)] 1 True
cells: [(25, 58), (26, 58), (27, 58), (28, 58)] 1 True
cells: [(25, 59), (26, 59), (27, 59), (28, 59)] 1 True
cells: [(25, 60), (26, 60), (27, 60), (28, 60)] 1 True
cells: [(25, 61), (26, 61), (27, 61), (28, 61)] 1 True
cells: [(25, 62), (26, 62), (27, 62), (28, 62)] 1 True
cells: [(25, 63), (26, 63), (27, 63), (28, 63)] 1 True
cells: [(25, 64), (26, 64), (27, 64), (28, 64)] 1 True
cells: [(25, 65), (26, 65), (27, 65), (28, 65)] 1 True
cells: [(25, 66), (26, 66), (27, 66), (28, 66)] 1 True
cells: [(25, 67), (26, 67), (27, 67), (28, 67)] 1 True
cells: [(25, 68), (26, 68), (27, 68), (28, 68)] 1 True
cells: [(25, 69), (26, 69), (27, 69), (28, 69)] 1 True
cells: [(25, 70), (26, 70), (27, 70), (28, 70)] 1 True
cells: [(25, 71), (26, 71), (27, 71), (28, 71)] 1 True
cells: [(25, 72), (26, 72), (27, 72), (28, 72)] 1 True
cells: [(25, 73), (26, 73), (27, 73), (28, 73)] 1 True
cells: [(25, 74), (26, 74), (27, 74), (28, 74)] 1 True
cells: [(25, 75), (26, 75), (27, 75), (28, 75)] 1 True
cells: [(25, 76), (26, 76), (27, 76), (28, 76)] 1 True
cells: [(25, 76), (26, 76), (27, 76), (27, 77)] 1 False
cells: [(25, 76), (26, 76), (27, 76), (28, 76)] -1 False
cells: [(25, 76), (26, 76), (27, 76), (27, 77)] -1 False
cells: [(26, 75), (26, 76), (27, 76), (27, 77)] -1 False
cells: [(26, 75), (27, 75), (27, 76), (27, 77)] -1 False
cells: [(27, 74), (27, 75), (27, 76), (27, 77)] -1 True
cells: [(28, 74), (28, 75), (28, 76), (28, 77)] -1 True
cells: [(29, 74), (29, 75), (29, 76), (29, 77)] -1 True
cells: [(30, 74), (30, 75), (30, 76), (30, 77)] -1 True
cells: [(31, 74), (31, 75), (31, 76), (31, 77)] -1 True
cells: [(32, 74), (32, 75), (32, 76), (32, 77)] -1 True
cells: [(33, 74), (33, 75), (33, 76), (33, 77)] -1 True
cells: [(34, 74), (34, 75), (34, 76), (34, 77)] -1 True
cells: [(35, 74), (35, 75), (35, 76), (35, 77)] -1 True
cells: [(36, 74), (36, 75), (36, 76), (36, 77)] -1 True
cells: [(37, 74), (37, 75), (37, 76), (37, 77)] -1 True
cells: [(38, 74), (38, 75), (38, 76), (38, 77)] -1 True
cells: [(39, 74), (39, 75), (39, 76), (39, 77)] -1 True
cells: [(40, 74), (40, 75), (40, 76), (40, 77)] -1 True
cells: [(41, 74), (41, 75), (41, 76), (41, 77)] -1 True
cells: [(42, 74), (42, 75), (42, 76), (42, 77)] -1 True
cells: [(43, 74), (43, 75), (43, 76), (43, 77)] -1 True
cells: [(44, 74), (44, 75), (44, 76), (44, 77)] -1 True
cells: [(45, 74), (45, 75), (45, 76), (45, 77)] -1 True
cells: [(46, 74), (46, 75), (46, 76), (46, 77)] -1 True
cells: [(47, 74), (47, 75), (47, 76), (47, 77)] -1 True
cells: [(48, 74), (48, 75), (48, 76), (48, 77)] -1 True
cells: [(49, 74), (49, 75), (49, 76), (49, 77)] -1 True
cells: [(50, 74), (50, 75), (50, 76), (50, 77)] -1 True
cells: [(51, 74), (51, 75), (51, 76), (51, 77)] -1 True
cells: [(52, 74), (52, 75), (52, 76), (52, 77)] -1 True
cells: [(53, 74), (53, 75), (53, 76), (53, 77)] -1 True
cells: [(54, 74), (54, 75), (54, 76), (54, 77)] -1 True
cells: [(55, 74), (55, 75), (55, 76), (55, 77)] -1 True
cells: [(55, 74), (55, 75), (55, 76), (56, 76)] -1 False
cells: [(55, 74), (55, 75), (56, 75), (56, 76)] -1 False
cells: [(55, 74), (56, 74), (56, 75), (56, 76)] -1 False
cells: [(55, 74), (56, 74), (56, 75), (57, 75)] -1 False
cells: [(55, 74), (56, 74), (57, 74), (57, 75)] -1 False
cells: [(55, 74), (56, 74), (57, 74), (58, 74)] 1 False
cells: [(55, 75), (56, 75), (57, 75), (58, 75)] 1 True
cells: [(55, 76), (56, 76), (57, 76), (58, 76)] 1 True
cells: [(55, 77), (56, 77), (57, 77), (58, 77)] 1 True
cells: [(55, 78), (56, 78), (57, 78), (58, 78)] 1 True
cells: [(55, 79), (56, 79), (57, 79), (58, 79)] 1 True
cells: [(55, 80), (56, 80), (57, 80), (58, 80)] 1 True
cells: [(55, 81), (56, 81), (57, 81), (58, 81)] 1 True
cells: [(55, 82), (56, 82), (57, 82), (58, 82)] 1 True
cells: [(55, 83), (56, 83), (57, 83), (58, 83)] 1 True
cells: [(55, 84), (56, 84), (57, 84), (58, 84)] 1 True
cells: [(55, 85), (56, 85), (57, 85), (58, 85)] 1 True
cells: [(55, 86), (56, 86), (57, 86), (58, 86)] 1 True
cells: [(55, 87), (56, 87), (57, 87), (58, 87)] 1 True
cells: [(55, 88), (56, 88), (57, 88), (58, 88)] 1 True
cells: [(55, 89), (56, 89), (57, 89), (58, 89)] 1 True
cells: [(55, 90), (56, 90), (57, 90), (58, 90)] 1 True
